273502 483 572291722
273502 483 572445117
273502 483 572208275
273502 483 571933908
273502 483 572215370
273502 483 571736932
273502 483 572498264
273502 483 572126744
273502 483 571453455
273502 483 571576925
273502 483 571512621
273502 483 571522854
273502 483 571737664
273502 483 572528948
273502 484 573457777
273502 484 572580225
273502 484 572792969
273502 484 572703545
273502 484 573142571
273502 484 573102798
273502 484 573660384
273502 493 584341055
273502 493 585118098
273502 493 585013198
273502 493 585000817
273502 493 584782838
273502 493 584623847
273502 493 584414758
273502 493 584386886
273502 493 584868359
273502 493 584547477
273502 493 585200639
273502 493 584284338
273502 493 584519347
273502 493 584929113
273502 493 584911456
273502 493 584249655
273502 493 584381442
273502 493 584656205
273502 493 584657714
273502 493 584950811
273502 494 586370785
273502 494 586001175
273502 494 585967096
273502 494 586210747
273502 494 586169445
273502 494 585647574
273502 494 586064268
273502 511 607560950
273502 511 607341820
273502 511 607448974
273502 511 607424412
273502 511 608055864
273502 511 608366805
273502 511 608167569
273502 511 607976829
273502 511 608357191
273502 511 607603255
273502 511 608220562
273502 511 607759719
273502 511 608146488
273502 512 609398513
273502 512 609299737
273502 512 608985547
273502 512 609004320
273502 512 609037285
273502 512 609470289
273502 512 608844643
273502 512 608823907
273502 512 609448819
273502 512 608704038
273502 512 609599162
273502 512 608885747
273502 512 608913391
273502 512 609421319
273502 512 609378141
273502 519 618390540
273502 519 617922401
273502 519 617437060
273502 519 618268130
273502 519 617989789
273502 519 618329601
273502 519 617451536
273502 519 618541814
273502 519 618453724
273502 520 618895671
273502 520 618648018
273502 520 618707098
273502 520 619420104
273502 520 619283150
273502 520 619092738
273502 520 619348939
273502 520 619676475
273502 529 630329333
273502 529 630404074
273502 529 630521478
273502 529 631352047
273502 529 631291889
273502 529 630435484
273502 529 631382702
273502 529 631403197
273502 529 630891840
273502 530 631996627
273502 530 631677695
273502 530 632425301
273502 530 632095137
273502 530 631538815
273502 530 631563550
273502 530 632304853
273502 530 632247882
273502 530 632605196
273502 530 631966796
273502 530 631604112
273502 530 632428025
273502 530 631578030
273502 530 632350445
273502 530 631543182
273502 530 631946996
273502 530 632427395
273502 530 631450504
273502 531 633688349
273502 531 632731215
273502 531 633464296
273502 531 632670827
273502 531 633012929
273502 531 633206631
273502 531 633192446
273502 531 633054740
273502 531 633115858
273502 531 632993182
273502 531 632659813
273502 531 632926020
273502 531 632826972
273502 531 632843071
273502 531 632967003
273502 531 632977674
273502 531 632958802
273502 531 633430324
273502 531 633887153
273502 531 633061818
273502 532 634217821
273502 532 634846813
273502 532 634279440
273502 532 634655973
273502 532 634030865
273502 532 634064884
273502 532 633940472
273502 532 634132995
273502 532 634874316
273502 532 635006868
273502 532 634091476
273502 532 634652448
273502 532 635083594
273502 532 635053002
273502 532 634966328
273502 532 634449794
273502 532 634938525
273502 547 654360633
273502 547 653268231
273502 547 653885140
273502 547 653989335
273502 547 653896965
273502 547 654271802
273502 547 653979760
273502 547 653846637
273502 547 653625763
273502 548 654796318
273502 548 655571838
273502 548 655276317
273502 548 655525123
273502 548 655281281
273502 548 655356070
273502 548 655474180
273502 548 655178536
273502 548 654571986
273502 548 654608173
273502 548 655246119
273502 548 654579214
273502 548 655297860
273502 605 727320175
273502 605 727271859
273502 605 727743608
273502 605 727397312
273502 605 727768563
273502 605 727574895
273502 605 726987381
273502 606 729133523
273502 606 729398300
273502 606 728924763
273502 606 728807442
273502 606 729058002
273502 606 729167990
273502 606 728533872
273502 606 729141277
273502 606 729137640
273502 606 729084184
273502 606 728697484
273502 606 728533140
273502 606 728588427
273502 606 728423314
273502 617 742847145
273502 617 743245132
273502 617 742139102
273502 617 742569298
273502 617 743243223
273502 617 742522169
273502 617 743248349
273502 617 742625643
273502 617 742729326
273502 617 742430833
273502 617 742354302
273502 617 742147912
273502 617 743040086
273502 617 742414627
273502 617 742205391
273502 618 744088057
273502 618 743432557
273502 618 744241602
273502 618 744027211
273502 618 743708911
273502 618 744323564
273502 618 744259628
273502 618 743886538
273502 618 743705144
273502 618 744036618
273502 618 744135507
273502 665 803795256
273502 665 802705257
273502 665 803548193
273502 665 803738677
273502 665 803483045
273502 665 803382833
273502 665 802903501
273502 665 803413880
273502 665 803127051
273502 665 802930655
273502 665 803076885
273502 665 803289197
273502 665 802870552
273502 666 804421004
273502 666 804562700
273502 666 804661675
273502 666 804174341
273502 666 804284253
273502 666 804380907
273502 666 804544718
273502 666 804862929
273502 666 803863963
273502 666 804516765
273502 666 805042012
273502 666 804216227
273502 666 804765621
